0 9 9 7 9 0 0 0 0 0 0 0 0 0 0 0 0 0 0 0
9 0 9 0 0 8 10 0 0 0 0 0 0 0 0 0 0 0 0 0
9 9 0 10 0 0 12 11 12 0 0 0 0 0 0 0 0 0 0 0
7 0 10 0 7 0 0 0 12 10 12 0 0 0 0 0 0 0 0 0
9 0 0 7 0 0 0 0 0 0 11 0 0 0 0 0 0 0 0 0
0 8 0 0 0 0 11 0 0 0 0 5 0 0 0 0 0 0 0 0
0 10 12 0 0 11 0 10 9 0 0 9 4 0 0 0 0 0 0 0
0 0 11 0 0 0 10 0 4 0 0 9 8 12 0 0 0 0 0 0
0 0 12 12 0 0 9 4 0 9 0 0 0 12 9 0 0 0 0 0
0 0 0 10 0 0 0 0 9 0 10 0 0 0 4 6 0 0 6 0
0 0 0 12 11 0 0 0 0 10 0 0 0 0 0 12 0 0 0 0
0 0 0 0 0 5 9 9 0 0 0 0 4 0 0 0 8 0 0 0
0 0 0 0 0 0 4 8 0 0 0 4 0 11 0 0 10 10 0 0
0 0 0 0 0 0 0 12 12 0 0 0 11 0 10 0 0 9 0 9
0 0 0 0 0 0 0 0 9 4 0 0 0 10 0 10 0 0 12 4
0 0 0 0 0 0 0 0 0 6 12 0 0 0 10 0 0 0 10 0
0 0 0 0 0 0 0 0 0 0 0 8 10 0 0 0 0 9 0 0
0 0 0 0 0 0 0 0 0 0 0 0 10 9 0 0 9 0 0 12
0 0 0 0 0 0 0 0 0 6 0 0 0 0 12 10 0 0 0 9
0 0 0 0 0 0 0 0 0 0 0 0 0 9 4 0 0 12 9 0



